5308190
5720786
5720787
5720788
5720790
5720791
5720792
5720800
5720801
5720802
5720803
5720804
5720805
5720806
5720815
5720816
5720817
5720818
5720819
5720820
5720821
5720822
5720823
5720824
5720825
5720826
5720827
5720828
5720829
5720830
5720831
5720832
5720833
5720834
5720835
5720836
5720837
5720838
5720839
5720840
5720841
5720842
5720843
5720844
5720845
5720846
5720847
5720848
5720849
5720850
5720851
5720852
5720853
5720854
5720855
5720856
5720857
5720858
5720859
5720860
5720861
5720862
5720863
5720864
5720865
5720866
5720867
5720868
5720869
5720870
5720871
5720872
5720873
5720874
5720875
5720876
5720877
5720878
5720879
5720880
5720881
5720882
5720883
5720884
5720885
5720886
5720887
5720888
5720889
5720890
5720891
5720892
5720893
5720894
5720895
5720896
5720897
5720898
5720899
5720900
5720901
5720902
5720903
5720904
5720905
5720906
5720907
5720908
5720909
5720910
5720911
5720912
5720913
5720914
5720915
5720916
5720917
5720918
5720919
5720920
5720921
5720922
5720923
5720924
5720925
5720926
5720927
5720928
5720929
5720930
5720931
5720932
5720933
5720934
5720935
5720936
5720937
5720938
5720939
5720940
5720941
5720942
5720943
5720944
5720945
5720946
5720947
5720948
5720949
5720950
5720951
5720952
5720953
5720954
5720955
5720956
5720957
5720958
5720959
5720960
5720961
5720962
5720963
5720964
5720965
5720966
5720967
5720968
5720969
5720970
5720971
5720972
5720973
5720974
5720975
5720976
5720977
5720978
5720979
5720980
5720981
5720982
5720983
5720984
5720985
5720986
5720987
5720988
5720989
5720990
5720991
5720992
5720993
5720994
5720995
5720996
5720997
5720998
5720999
5721000
5721001
5721002
5721003
5721004
5721005
5721006
5721007
5721008
5721009
5721010
5721011
5721012
5721013
5721014
5721015
5721016
5721017
5721018
5721019
5721020
5721021
5721022
5721023
5721024
5721025
5721026
5721027
5721028
5721029
5721030
5721031
5721032
5721033
5721034
5721035
5721036
5721037
5721038
5721039
5721040
5721041
5721042
5721043
5721044
5721045
5721046
5721047
5721120
5721122
5721141
5721142
5721143
5721144
5721145
5721146
5721147
5721148
5721149
5721150
5721151
5721152
5721153
5721154
5721155
5721156
5721157
5721187
5721324
5721325
5721326
5721327
5721328
5721329
5721330
5721331
5721332
5721333
5721334
5721335
5721336
5721337
5721338
5721339
5721340
5721341
5721342
5721343
5721344
5721345
5721346
5721347
5721348
5721349
5721350
5721351
5721352
5721353
5721354
5721355
5721356
5721357
5721358
5721359
5721360
5721361
5721362
5721363
5721364
5721365
5721366
5721367
5721368
5721369
5721370
5721371
5721372
5721373
5721374
5721375
5721376
5721377
5721378
5721379
5721380
5721381
5721382
5721383
5721384
5721385
5721386
5721387
5721388
5721389
5721390
5721391
5721392
5721393
5721394
5721395
5721396
5721397
5721398
5721399
5721400
5721401
5721402
5721403
5721404
5721405
5721406
5721407
5721408
5721409
5721410
5721411
5721412
5721413
5721414
5721415
5721416
5721417
5721418
5721419
5721420
5721421
5721422
5721423
5721424
5721425
5721426
5721427
5721428
5721429
5721430
5721431
5721432
5721433
5721434
5721435
5721436
5721437
5721438
5721439
5721440
5721441
5721442
5721443
5721444
5721445
5721446
5721447
5721448
5721449
5721450
5721451
5721452
5721453
5721454
5721455
5721456
5721457
5721458
5721459
5721460
5721461
5721462
5721463
5721515
5721746
5721802
5722010
5722011
5722026
5722027
5722028
5722029
5722030
5722031
5722032
5722033
5722034
5722035
5722036
5722037
5722038
5722039
5722040
5722041
5722042
5722043
5722044
5722113
5722193
5722201
5722202
5722203
5722204
5722205
5722206
5722207
5722208
5722209
5722210
5722211
5722212
5722213
5722214
5722215
5722216
5722217
5722218
5722219
5722220
5722221
5722222
5722223
5722224
5722225
5722226
5722227
5722228
5722229
5722230
5722231
5722232
5722233
5722234
5722235
5722236
5722237
5722238
5722239
5722240
5722241
5722242
5722243
5722244
5722245
5722246
5722247
5722248
5722250
5722269
5722270
5722271
5722272
5722273
5722274
5722275
5722276
5722277
5722278
5722279
5722280
5722281
5722282
5722283
5722284
5722285
5722286
5722287
5722288
5722289
5722290
5722291
5722292
5722293
5722294
5722295
5722296
5722297
5722298
5722299
5722300
5722301
5722302
5722303
5722304
5722305
5722306
5722307
5722308
5722309
5722310
5722311
5722312
5722313
5722314
5722315
5722332
5722333
5722334
5722335
5722336
5722337
5722338
5722339
5722340
5722341
5722342
5722343
5722344
5722345
5722346
5722347
5722348
5722349
5722350
5722351
5722352
5722353
5722354
5722355
5722356
5722357
5722358
5722359
5722360
5722361
5722362
5722363
5722364
5722365
5722366
5722367
5722368
5722369
5722370
5722371
5722372
5722376
5722819
5722820
5722821
5722822
5722823
5722824
5722825
5722826
5722827
5722828
5722829
5722830
5722843
5722987
5722988
5725531
5726140
5726441
5726528
5726571
5726732
5727615
5727658
5728458
5728629
5728634
5733621
5733623
5733624
5733805
5733807
5734308
5734994
5735361
5736162
5736163
5736165
5744734
5746611
5746844
5746845
5746905
5746979
5747286
5747331
5747356
5747485
5747520
5747576
5747577
5747657
5747660
5747748
5747754
5747763
5747988
5748050
5748054
5748100
5748103
5748104
5748234
5748288
5748340
5748341
5748354
5748386
5748389
5748440
5748484
5748562
5748744
5748904
5748908
5748909
5748910
5748911
5748912
5749113
5749419
5749605
5749606
5749669
5749756
5749757
5749939
5750378
5750380
5750381
5750382
5750614
5750660
5750829
5750830
5750831
5750876
5751041
5751042
5751196
5751197
5751238
5751239
5751243
5751245
5751324
5751553
5751554
5751790
5751791
5751797
5755831
5755955
5756557
5756618
5756739
5756743
5757169
5757431
5759115
5759117
5759631
5761161
5761162
5761230
5761505
5762018
5762021
5762264
5762468
5762861
5763135
5763605
5764062
5764547
5765329
5765678
5765805
5765915
5766200
5766222
5766381
5767525
5767527
5767633
5767868
5768039
5768130
5768371
5768890
5768891
5769005
5769006
5769190
5769456
5771199
5771416
5771479
5771481
5771536
5772569
5773434
5773746
5774001
5774002
5774003
5774074
5774334
5774550
5774679
5775345
5775664
5775665
5776120
5777072
5777420
5777759
5777903
5777904
5778334
5779012
5779013
5779068
5779718
5780387
5780822
5780957
5780958
5794496
5794497
5794568
5794942
5795700
5795709
5796012
5796879
5797017
5797165
5797168
5797433
5797434
5797436
5797437
5797608
5797609
5797610
5797611
5798059
5798066
5798067
5799372
5799373
5799375
5799536
5799760
5800510
5800513
5800665
5800666
5800802
5800816
5801110
5801362
5801365
5801532
5801533
5801534
5801535
5801561
5801734
5801735
5801736
5802838
5802839
5804089
5805162
5811120
5811121
5818114
5818605
5818802
5818986
5818987
5819542
5819879
5819881
5819885
5819887
5822388
5822394
5823188
5823203
5823409
5823767
5824377
5824789
5824790
5824796
5824797
5824818
5824954
5825480
5825967
5826086
5827285
5830524
5831316
5833130
5833131
5833132
5834520
5835327
5837058
5837059
5837066
5837067
5837179
5837777
5838375
5838447
5838892
5839749
5839752
5839753
5840180
5840183
5840185
5840186
5841049
5841707
5842130
5842131
5842137
5842377
5842538
5842913
4473508
4473509
4473510
4473511
4473512
4473513
4473514
4473515
4473516
4473517
4473518
4473519
4473520
4473521
4473522
4473523
4473524
4473525
4473526
4473527
4473528
4473529
4473530
4473531
4473532
4473533
4473534
4473535
4473536
4473537
4473538
4473539
4473540
4473541
4473542
4473543
4473544
4473545
4473546
4473547
4473548
4473549
4473550
4473551
4473552
4473553
4473554
4473555
4473556
4473557
4473558
4473559
4473560
4473561
4473562
4473563
4473564
4473565
4473566
4473567
4473568
4473569
4473570
4473571
4473572
4473573
4473574
4473575
4473576
4473577
4473578
4473579
4473580
4473581
4473582
4473583
4473584
4473585
4473586
4473587
4473588
4473589
4473590
4473591
4473592
4473593
4473594
4473595
4473596
4473597
4473598
4473599
4473600
4473601
4473602
4473603
4473604
4473605
4473606
4473607
4473608
4473609
4473610
4473611
4473612
4473613
4473614
4473615
4473616
4473617
4473618
4473619
4473620
4473621
4473622
4473623
4473624
4473625
4473626
4473627
4473628
4473629
4473630
4473631
4473632
4473633
4473634
4473635
4473636
4473637
4473638
4473639
4473640
4473641
4473642
4473643
4473644
4473645
4473646
4473647
4473648
4473649
4473650
4473651
4473652
4473653
4473654
4473655
4473656
4473657
4473658
4473659
4473660
4473661
4473662
4473663
4473664
4473665
4473666
4473667
4473668
4473669
4473670
4473671
4473672
4473673
4473674
4473675
4473676
4473677
4473678
4473679
4473680
4473681
4473682
4473683
4473684
4473685
4473686
4473687
4473688
4473689
4473690
4473691
4473692
4473693
4473694
4473695
4473696
4473697
4473698
4473699
4473700
4473701
4473702
4473703
4473704
4473705
4473706
4473707
4473708
4473709
4473710
4473711
4473712
4473713
4473714
4473715
4473716
4473717
4473718
4473719
4473720
4473721
4473722
4473723
4473724
4473725
4473726
4473727
4473728
4473729
4473730
4473731
4473732
4473733
4473734
4473735
4473736
4473737
4473738
4473739
4473740
4473741
4473742
4473743
4473744
4473745
4473746
4473747
4473748
4473749
4473750
4473751
4473752
4473753
4473754
4473755
4473756
4473757
4473758
4473759
4473760
4473761
4473762
4473763
4473764
4473765
4473766
4473767
4473768
4473769
4473770
4473771
4473772
4473773
4473774
4473775
4473776
4473785
4473787
4473788
4473790
4473791
4473792
4473793
4473794
4473795
4473796
4473797
4473798
4473799
4473800
4473801
4473802
4473803
4473804
4473805
4473806
4473807
4473808
4473809
4473810
4473811
4473812
4473813
4473814
4473815
4473816
4473817
4473818
4473819
4473820
4473821
4473822
4473823
4473824
4473825
4473826
4473827
4473828
4473829
4473830
4473831
4473832
5720794
5720795
5720796
5720797
5720798
5720799
5720801
5720804
5720805
5720806
5720807
5720808
5720809
5720810
5720811
5720812
5720813
5720868
5720869
5720870
5720872
5720873
5720874
5720999
5721000
5721001
5721002
5721005
5721006
5721008
5721048
5721049
5721050
5721051
5721052
5721053
5721054
5721055
5721056
5721057
5721058
5721059
5721060
5721061
5721062
5721063
5721064
5721065
5721066
5721067
5721068
5721069
5721070
5721071
5721072
5721073
5721074
5721075
5721076
5721077
5721078
5721079
5721080
5721081
5721082
5721083
5721084
5721085
5721086
5721087
5721088
5721089
5721090
5721091
5721092
5721093
5721094
5721095
5721096
5721097
5721098
5721099
5721100
5721101
5721102
5721103
5721104
5721105
5721106
5721107
5721108
5721109
5721110
5721111
5721112
5721113
5721114
5721115
5721116
5721117
5721118
5721119
5721120
5721121
5721123
5721124
5721125
5721126
5721127
5721128
5721129
5721130
5721131
5721132
5721133
5721134
5721135
5721136
5721137
5721138
5721139
5721140
5721141
5721142
5721143
5721147
5721148
5721149
5721150
5721152
5721153
5721154
5721158
5721159
5721160
5721161
5721162
5721163
5721164
5721165
5721166
5721167
5721168
5721169
5721170
5721171
5721172
5721173
5721174
5721175
5721176
5721177
5721178
5721179
5721180
5721181
5721182
5721183
5721184
5721185
5721186
5721187
5721188
5721189
5721190
5721191
5721192
5721193
5721194
5721195
5721196
5721197
5721198
5721199
5721200
5721201
5721202
5721203
5721204
5721205
5721206
5721207
5721208
5721209
5721210
5721211
5721212
5721213
5721214
5721215
5721216
5721217
5721218
5721219
5721220
5721221
5721222
5721223
5721224
5721225
5721226
5721227
5721228
5721229
5721230
5721231
5721232
5721233
5721234
5721235
5721236
5721237
5721238
5721239
5721240
5721241
5721242
5721243
5721244
5721245
5721246
5721247
5721248
5721249
5721250
5721251
5721252
5721253
5721254
5721255
5721256
5721257
5721258
5721259
5721260
5721261
5721262
5721263
5721264
5721265
5721266
5721267
5721268
5721269
5721270
5721271
5721272
5721273
5721274
5721275
5721276
5721277
5721278
5721279
5721280
5721281
5721282
5721283
5721284
5721285
5721286
5721287
5721288
5721289
5721290
5721291
5721292
5721293
5721294
5721295
5721296
5721297
5721298
5721299
5721300
5721301
5721302
5721303
5721304
5721305
5721306
5721307
5721308
5721309
5721310
5721311
5721312
5721313
5721314
5721315
5721316
5721317
5721318
5721319
5721320
5721321
5721322
5721323
